0.0564161 0.3 0.95247 0.000859967
0.0564161 -0.3 0.95247 0.000859967
0.0564161 0.715 0.961551 0.00142283
0.0564161 -0.715 0.961551 0.00142283
0.0564161 0.88 1.04471 2.04302
0.0564161 -0.88 1.04471 2.04302
0.105399 0.3 0.950557 0.00078346
0.105399 -0.3 0.950557 0.00078346
0.105399 0.715 0.955633 0.00140826
0.105399 -0.715 0.955633 0.00140826
0.105399 0.88 1.04471 2.04302
0.105399 -0.88 1.04471 2.04302
0.173774 0.3 0.946736 0.000556824
0.173774 -0.3 0.946736 0.000556824
0.173774 0.715 0.946892 0.00091793
0.173774 -0.715 0.946892 0.00091793
0.173774 0.88 0.950022 0.00260812
0.173774 -0.88 0.950022 0.00260812
0.286505 0.3 0.942648 0.000422619
0.286505 -0.3 0.942648 0.000422619
0.286505 0.715 0.94285 0.000679607
0.286505 -0.715 0.94285 0.000679607
0.286505 0.88 0.938708 0.00171392
0.286505 -0.88 0.938708 0.00171392
0.472367 0.3 0.936811 0.000353659
0.472367 -0.3 0.936811 0.000353659
0.472367 0.715 0.937687 0.000582029
0.472367 -0.715 0.937687 0.000582029
0.472367 0.88 0.936403 0.00119436
0.472367 -0.88 0.936403 0.00119436
0.778801 0.3 0.93819 0.000369264
0.778801 -0.3 0.93819 0.000369264
0.778801 0.715 0.935914 0.000583475
0.778801 -0.715 0.935914 0.000583475
0.778801 0.88 0.941438 0.00139369
0.778801 -0.88 0.941438 0.00139369
1.28403 0.3 0.942584 0.000705855
1.28403 -0.3 0.942584 0.000705855
1.28403 0.715 0.942309 0.00106245
1.28403 -0.715 0.942309 0.00106245
1.28403 0.88 0.938379 0.00324225
1.28403 -0.88 0.938379 0.00324225
