0.0291655 0 0.972183 0.00694825 0.0462793 0.00430579
0.0294098 1 0.980328 0.00262712 0.0328537 0.00315318
0.0293626 2 0.978754 0.00243614 0.0318358 0.00224054
0.0292963 3 0.976542 0.00207422 0.0290276 0.00241154
0.0293733 4 0.979109 0.00226997 0.0339315 0.00210813
0.029153 5 0.971768 0.00220552 0.0380399 0.00240346
0.0291013 6 0.970045 0.00321056 0.0347696 0.00277908
0.0292624 7 0.975413 0.00242397 0.0403567 0.00350418
0.0292616 8 0.975388 0.0022032 0.0349355 0.00257076
0.0291637 9 0.972123 0.00203468 0.0339279 0.00168971
0.0293082 10 0.976941 0.0017263 0.0307696 0.00146984
0.0293004 11 0.976679 0.00184154 0.0331573 0.0016325
0.029231 12 0.974366 0.00174209 0.0324525 0.00141436
0.0293352 13 0.97784 0.00169754 0.0322202 0.00149816
0.0292353 14 0.974509 0.00162606 0.0309906 0.00148975
0.0292717 15 0.975722 0.00143556 0.0321666 0.00138018
0.0293133 16 0.97711 0.00138935 0.0313061 0.00134224
0.0293652 17 0.978841 0.00129284 0.0322337 0.00146833
0.0294172 18 0.980573 0.00131654 0.0332198 0.00128097
0.029371 19 0.979034 0.00129377 0.0323023 0.00120353
0.0293922 20 0.979741 0.00124502 0.0314832 0.00113962
0.0293382 21 0.977938 0.00139422 0.034689 0.00161696
0.0293717 22 0.979058 0.00147046 0.032831 0.00130706
0.0294254 23 0.980847 0.00127712 0.0312098 0.00110855
0.0293844 24 0.979479 0.00110619 0.0294854 0.00100367
0.0293825 25 0.979417 0.0011542 0.0316829 0.0010966
0.0293465 26 0.978217 0.001162 0.0325991 0.00121398
0.0293671 27 0.978902 0.00116949 0.0306731 0.000974942
0.0387409 0 0.968523 0.00352474 0.0354118 0.00390641
0.0391578 1 0.978945 0.00196586 0.0308114 0.00245808
0.0391103 2 0.977756 0.00217064 0.0310934 0.00179588
0.0392176 3 0.98044 0.00192208 0.0326462 0.00222298
0.0391147 4 0.977867 0.00186557 0.0304307 0.00175847
0.0389196 5 0.97299 0.00232809 0.0429363 0.00233489
0.0389378 6 0.973445 0.00278928 0.0410487 0.0023193
0.0388926 7 0.972315 0.00255036 0.0359777 0.00239524
0.0390074 8 0.975185 0.00206571 0.0313469 0.00169459
0.0390259 9 0.975648 0.00184603 0.0295523 0.00144782
0.0390035 10 0.975089 0.00189567 0.0335087 0.00211255
0.0391068 11 0.97767 0.00176197 0.0301327 0.00147232
0.0390317 12 0.975794 0.00144445 0.0309473 0.00144215
0.0391324 13 0.978311 0.00138536 0.0317197 0.00194996
0.0391053 14 0.977634 0.0013949 0.0288056 0.00122857
0.0391157 15 0.977893 0.00139581 0.0291852 0.00142024
0.0392173 16 0.980433 0.0013336 0.0292664 0.00122994
0.0390198 17 0.975494 0.00142545 0.0304214 0.00148509
0.0391902 18 0.979754 0.00106208 0.0265458 0.000981581
0.0391725 19 0.979312 0.00116261 0.0277541 0.00109315
0.0391003 20 0.977507 0.00114885 0.0288754 0.00120797
0.0392236 21 0.98059 0.00117421 0.0282615 0.00106323
0.0391611 22 0.979028 0.00109131 0.0271616 0.00108978
0.0391746 23 0.979365 0.00111749 0.028539 0.00098699
0.0392969 24 0.982421 0.00101309 0.0279932 0.000993189
0.0391822 25 0.979555 0.00105794 0.0270107 0.00104562
0.0391732 26 0.97933 0.000957648 0.0251126 0.000795079
0.0392036 27 0.980089 0.00100832 0.0264666 0.000958476
0.0481866 0 0.963733 0.0041036 0.0466022 0.00680229
0.0489135 1 0.97827 0.00178294 0.0293522 0.00195032
0.0490414 2 0.980829 0.00172398 0.0277844 0.00161935
0.0488419 3 0.976837 0.0021972 0.0235845 0.00115602
0.0488629 4 0.977258 0.0016799 0.03136 0.00202338
0.04882 5 0.9764 0.00217886 0.041545 0.00202429
0.0489864 6 0.979728 0.00325881 0.0464146 0.00364398
0.0488242 7 0.976485 0.00202935 0.0362296 0.00287011
0.048657 8 0.97314 0.00184737 0.0298585 0.00200645
0.0486733 9 0.973467 0.00186777 0.0305618 0.00164175
0.0486785 10 0.97357 0.00168089 0.0301159 0.00204985
0.048711 11 0.974219 0.00156101 0.0287213 0.00128195
0.0488866 12 0.977733 0.00141859 0.0294776 0.0014056
0.0487648 13 0.975297 0.00133018 0.0270679 0.00115629
0.0488789 14 0.977579 0.00137402 0.028277 0.00132732
0.0489076 15 0.978151 0.00116959 0.0278876 0.00107079
0.0489018 16 0.978037 0.00124183 0.0259788 0.000988698
0.049108 17 0.98216 0.00111374 0.0266596 0.00116663
0.0489144 18 0.978289 0.00110954 0.0257661 0.00107091
0.0488852 19 0.977703 0.00113416 0.0268708 0.0010254
0.048909 20 0.978181 0.0009863 0.0269133 0.000981707
0.0490039 21 0.980078 0.00101296 0.0256977 0.000861279
0.0490707 22 0.981415 0.0010245 0.0248876 0.00107568
0.0490998 23 0.981996 0.000965105 0.0234776 0.000846692
0.0490085 24 0.980171 0.000942938 0.0244463 0.00079755
0.0490336 25 0.980673 0.0010313 0.0260937 0.000997231
0.0489696 26 0.979393 0.000865653 0.0247344 0.000820075
0.0490484 27 0.980968 0.000936669 0.0245382 0.000843975
0.0724412 0 0.965883 0.00396208 0.0547623 0.00876374
0.0733308 1 0.977744 0.00178074 0.029093 0.00206051
0.0732831 2 0.977108 0.00170013 0.0277483 0.0018871
0.0734028 3 0.978704 0.00159513 0.0264943 0.00132352
0.0735607 4 0.980809 0.00147127 0.0257383 0.00145852
0.0727439 5 0.969919 0.00229344 0.0426568 0.00181861
0.0720574 6 0.960765 0.00321205 0.0490218 0.00427713
0.0729549 7 0.972732 0.00186093 0.026961 0.00166797
0.072937 8 0.972494 0.00243534 0.0319942 0.00231674
0.0731703 9 0.975605 0.00141597 0.0265273 0.00134586
0.0732276 10 0.976367 0.00127075 0.0259233 0.00202748
0.0732619 11 0.976825 0.0019084 0.0315338 0.00248195
0.0731073 12 0.974764 0.00124802 0.0276204 0.00126284
0.0731702 13 0.975603 0.00119982 0.0253436 0.00132368
0.0731285 14 0.975047 0.00103957 0.0246851 0.000939353
0.0734317 15 0.979089 0.00129599 0.024022 0.00117459
0.0734281 16 0.979041 0.00108855 0.0269808 0.00170563
0.0734024 17 0.978698 0.000942016 0.0242643 0.000944659
0.0735561 18 0.980748 0.00117097 0.0240885 0.00108101
0.0735091 19 0.980122 0.000906208 0.0241735 0.000892166
0.0734258 20 0.97901 0.000882993 0.0241223 0.000962965
0.073551 21 0.98068 0.000822555 0.0227396 0.000943785
0.0735853 22 0.981138 0.000846964 0.0242529 0.000942732
0.0736314 23 0.981752 0.000831424 0.0229542 0.000903343
0.0735696 24 0.980928 0.000836289 0.021484 0.000728424
0.0734964 25 0.979953 0.000788413 0.0215029 0.000730196
0.0735481 26 0.980641 0.000866633 0.0225869 0.000864537
0.0735524 27 0.980699 0.00101393 0.0239687 0.00091123
0.0965377 0 0.965377 0.00302766 0.0382776 0.00272975
0.0975239 1 0.975239 0.0022277 0.0246876 0.00148551
0.0973663 2 0.973663 0.00156074 0.024993 0.00183867
0.0975311 3 0.975311 0.00152523 0.0267206 0.00161839
0.0972311 4 0.972311 0.00172257 0.0243389 0.00155888
0.0965629 5 0.965629 0.00213929 0.0447264 0.00205072
0.0955492 6 0.955492 0.0027471 0.0443246 0.00248596
0.0964179 7 0.964179 0.00212981 0.0320646 0.00166371
0.0970457 8 0.970457 0.0018839 0.0325416 0.00267264
0.0972817 9 0.972817 0.00159352 0.0331886 0.00263118
0.0973081 10 0.973081 0.00132114 0.0257439 0.00126372
0.0971653 11 0.971653 0.0014163 0.0262034 0.00170917
0.0975926 12 0.975926 0.00144584 0.0260618 0.0018129
0.097662 13 0.97662 0.00107475 0.025467 0.00153469
0.0975398 14 0.975398 0.00135666 0.0256813 0.00185946
0.0975462 15 0.975462 0.000992227 0.0236707 0.00109692
0.0978049 16 0.978049 0.00113226 0.02292 0.0012069
0.0979481 17 0.979481 0.00103244 0.022968 0.00120554
0.097628 18 0.97628 0.000848466 0.0246137 0.000854854
0.097744 19 0.97744 0.00101653 0.0220951 0.000895519
0.0979591 20 0.979591 0.00109737 0.0234449 0.00112952
0.0980218 21 0.980218 0.000786967 0.022527 0.0007535
0.0979537 22 0.979537 0.000731223 0.020698 0.000831688
0.097843 23 0.97843 0.000737292 0.0217557 0.000764709
0.0979391 24 0.979391 0.000712087 0.021506 0.000737286
0.097914 25 0.97914 0.000737035 0.0205883 0.000806915
0.0979379 26 0.979379 0.000909135 0.0211015 0.000940926
0.0978916 27 0.978916 0.000725348 0.0213617 0.000716364
0.119449 0 0.955593 0.00270318 0.0341096 0.00249593
0.121719 1 0.973749 0.00234034 0.0270427 0.0026797
0.121936 2 0.97549 0.00139196 0.0223119 0.00135724
0.121663 3 0.973306 0.00155557 0.0227418 0.00132498
0.121837 4 0.974699 0.00240845 0.0280485 0.00294487
0.119728 5 0.957827 0.00234269 0.0381063 0.00249926
0.118771 6 0.950165 0.0116331 0.0568166 0.00401965
0.120953 7 0.967627 0.0020556 0.0338493 0.00218352
0.121164 8 0.969313 0.00171723 0.0288279 0.00214126
0.121224 9 0.969795 0.00141007 0.0282796 0.00189646
0.12168 10 0.973439 0.00213136 0.0309303 0.00361137
0.121264 11 0.970113 0.00122894 0.0253492 0.001078
0.121627 12 0.973015 0.00124912 0.0257931 0.00155619
0.121763 13 0.974106 0.00150475 0.0258467 0.0019106
0.12169 14 0.973523 0.000995865 0.0229614 0.00090357
0.122113 15 0.9769 0.000996165 0.0237868 0.000990909
0.12187 16 0.97496 0.00100614 0.0223686 0.0011316
0.122244 17 0.977956 0.00089322 0.0221366 0.00111577
0.122088 18 0.9767 0.000928905 0.0229354 0.000952573
0.122088 19 0.976704 0.000912737 0.0220344 0.00123008
0.122233 20 0.977861 0.000876381 0.0210303 0.000817182
0.122197 21 0.977578 0.000914509 0.0224184 0.000983475
0.12236 22 0.978881 0.000816326 0.021036 0.000989593
0.12226 23 0.97808 0.000698796 0.0211658 0.000746204
0.122197 24 0.977578 0.000796074 0.0216118 0.00102603
0.12234 25 0.978723 0.000787389 0.021845 0.00109802
0.122367 26 0.978936 0.00085882 0.021757 0.000844926
0.122017 27 0.976139 0.00072731 0.0226095 0.000897138
0.143222 0 0.954814 0.00334969 0.0422504 0.00446077
0.145847 1 0.972312 0.0025338 0.024769 0.00227414
0.146189 2 0.974591 0.0013931 0.025558 0.00172309
0.146748 3 0.978317 0.00214857 0.0229998 0.00169391
0.14518 4 0.967869 0.00218624 0.0255002 0.00198957
0.143576 5 0.957176 0.00212863 0.04025 0.00219023
0.141846 6 0.945637 0.00356841 0.0590808 0.00363063
0.145111 7 0.967406 0.00221586 0.0365484 0.00159323
0.14487 8 0.965803 0.00151543 0.0279335 0.00141562
0.145071 9 0.967139 0.0019227 0.0262165 0.00166201
0.145414 10 0.969425 0.00136856 0.0295644 0.00216646
0.145467 11 0.969782 0.00144269 0.0259405 0.00152873
0.145553 12 0.970354 0.00113979 0.027032 0.00126551
0.145165 13 0.967763 0.00148844 0.0237646 0.00109053
0.146088 14 0.973917 0.00138683 0.0255513 0.00181934
0.146406 15 0.976038 0.00137983 0.0236259 0.00126485
0.146028 16 0.973519 0.00101207 0.024954 0.00142408
0.146385 17 0.975898 0.00118148 0.0225537 0.00125341
0.146567 18 0.97711 0.00096539 0.0205005 0.000931609
0.146364 19 0.975758 0.000861521 0.0230517 0.000987339
0.146555 20 0.977033 0.00103005 0.0219328 0.00104882
0.146674 21 0.977826 0.00113539 0.0230044 0.00118334
0.146707 22 0.978046 0.000995898 0.0196873 0.000862044
0.146655 23 0.977697 0.00069603 0.0202524 0.000698717
0.146646 24 0.977641 0.000753789 0.020974 0.000784906
0.146544 25 0.976959 0.000706815 0.0205399 0.000705713
0.146654 26 0.977693 0.000714206 0.0203505 0.000690975
0.14648 27 0.97653 0.00107264 0.021976 0.00122291
0.190174 0 0.950872 0.00431907 0.0426514 0.00366441
0.194714 1 0.97357 0.00207412 0.0289871 0.00308188
0.194323 2 0.971617 0.00138467 0.0244287 0.00151308
0.194421 3 0.972107 0.00141921 0.0276831 0.00210058
0.194246 4 0.971232 0.00200285 0.0247882 0.00142943
0.190721 5 0.953606 0.00226028 0.0488459 0.00288157
0.186594 6 0.932969 0.00365658 0.0607364 0.00415571
0.192792 7 0.963961 0.00174479 0.0313772 0.00180414
0.191897 8 0.959484 0.00314243 0.0324349 0.00308254
0.193153 9 0.965763 0.00187631 0.0256715 0.00170854
0.193279 10 0.966393 0.00147114 0.0252628 0.00142914
0.193658 11 0.968289 0.00112296 0.0243136 0.00099868
0.194005 12 0.970027 0.00102609 0.0255242 0.00132737
0.194375 13 0.971876 0.00141947 0.0219308 0.00138194
0.19428 14 0.971402 0.000938126 0.0228945 0.000781602
0.194138 15 0.970688 0.00101936 0.022409 0.000927207
0.19467 16 0.973348 0.00104516 0.0219385 0.000960137
0.194642 17 0.97321 0.000945743 0.0215644 0.000941118
0.195047 18 0.975233 0.000917368 0.0216947 0.00115113
0.195097 19 0.975483 0.00127917 0.020782 0.00091246
0.19471 20 0.973552 0.000744892 0.0219667 0.000717517
0.195066 21 0.975328 0.00122996 0.0203708 0.00110201
0.195105 22 0.975527 0.000902446 0.0194217 0.000680312
0.195573 23 0.977867 0.00130201 0.0224671 0.00118423
0.195294 24 0.976471 0.000886503 0.0213469 0.000903041
0.195049 25 0.975246 0.00084521 0.0206048 0.000799908
0.195125 26 0.975627 0.000685747 0.0224147 0.000846419
0.195065 27 0.975324 0.00079274 0.0200503 0.000750839
0.23743 0 0.949719 0.00290657 0.0358792 0.00331868
0.242146 1 0.968583 0.00180993 0.0300782 0.00129949
0.242966 2 0.971862 0.00151225 0.0253033 0.00192588
0.242334 3 0.969335 0.00139294 0.0252669 0.00161588
0.242382 4 0.96953 0.00150338 0.0263372 0.00166184
0.237113 5 0.948454 0.00229013 0.0443947 0.00208818
0.233095 6 0.93238 0.00426284 0.070927 0.00503036
0.23861 7 0.95444 0.00246046 0.0322768 0.00234955
0.239819 8 0.959274 0.00163749 0.0295413 0.00151589
0.240955 9 0.963821 0.00131948 0.0275321 0.00140163
0.241708 10 0.966832 0.00185619 0.0249649 0.00164819
0.241764 11 0.967054 0.0012766 0.0215006 0.00138859
0.241645 12 0.96658 0.00115572 0.0259189 0.0015445
0.242226 13 0.968906 0.00113429 0.0246338 0.00140929
0.242665 14 0.970658 0.0013397 0.0238576 0.0013952
0.242939 15 0.971756 0.0011033 0.0206157 0.000970972
0.243219 16 0.972874 0.00121192 0.021813 0.000885693
0.242988 17 0.971953 0.0011885 0.020855 0.00111642
0.242906 18 0.971623 0.000950566 0.0222636 0.000998565
0.243482 19 0.973928 0.000864326 0.0235297 0.00117209
0.243112 20 0.972449 0.000707788 0.0229764 0.000850429
0.243427 21 0.973707 0.0006614 0.0232292 0.000879822
0.243284 22 0.973136 0.000766335 0.0217968 0.0010773
0.243533 23 0.974131 0.00118271 0.0238486 0.00144895
0.243414 24 0.973656 0.00111744 0.0207983 0.000868626
0.243318 25 0.973272 0.000626768 0.0215472 0.000639485
0.243241 26 0.972965 0.000676329 0.0221348 0.000704106
0.243296 27 0.973185 0.000605258 0.0202703 0.000628185
0.283028 0 0.943427 0.00347999 0.0372438 0.00484075
0.290085 1 0.966949 0.00234409 0.0258251 0.0016847
0.291889 2 0.972965 0.00228766 0.026411 0.00222813
0.290589 3 0.968628 0.00201597 0.0240493 0.00163666
0.289227 4 0.964089 0.00167507 0.0335021 0.00303548
0.283447 5 0.944824 0.0020615 0.036123 0.00176744
0.276203 6 0.920678 0.00370273 0.0667855 0.00376233
0.287711 7 0.959038 0.00286761 0.0430767 0.0043564
0.287551 8 0.958503 0.00184557 0.0283046 0.00166399
0.288306 9 0.961019 0.00171759 0.0275787 0.00182644
0.289157 10 0.963858 0.00116133 0.0279707 0.001178
0.289 11 0.963332 0.00127571 0.0234759 0.00134132
0.289976 12 0.966588 0.00104827 0.0247907 0.00100465
0.290712 13 0.96904 0.00119636 0.02472 0.00172195
0.290408 14 0.968028 0.00129106 0.0237899 0.00129727
0.290732 15 0.969106 0.000846775 0.023381 0.00102472
0.291345 16 0.971151 0.000856689 0.0223245 0.000943153
0.291094 17 0.970313 0.00119451 0.0227758 0.000955203
0.291441 18 0.971471 0.000970061 0.0210371 0.000937423
0.291446 19 0.971486 0.00100891 0.021213 0.000946713
0.291338 20 0.971126 0.000956382 0.0205992 0.000811024
0.291351 21 0.971172 0.000973508 0.0221526 0.000941524
0.2922 22 0.974 0.000991325 0.0223492 0.00103995
0.291841 23 0.972805 0.000684515 0.0214071 0.000806016
0.291781 24 0.972603 0.000714331 0.0219866 0.000862501
0.291979 25 0.973264 0.000654394 0.0205974 0.000715707
0.291864 26 0.972879 0.000989192 0.0240981 0.00105271
0.291257 27 0.970855 0.00073453 0.0223733 0.00092434
0.374164 0 0.93541 0.00330844 0.0337884 0.00283157
0.385286 1 0.963215 0.00148214 0.0286471 0.00120339
0.386286 2 0.965715 0.0014405 0.0264614 0.00104062
0.385876 3 0.964691 0.00136295 0.0277679 0.00089602
0.384412 4 0.96103 0.00144381 0.028315 0.00142542
0.374775 5 0.936938 0.002027 0.0460896 0.00162809
0.367854 6 0.919636 0.00567386 0.0665733 0.00400825
0.380006 7 0.950014 0.00175619 0.0301883 0.00169132
0.384256 8 0.960641 0.00174663 0.0294087 0.00216824
0.383941 9 0.959852 0.00138083 0.0265954 0.00188715
0.384491 10 0.961228 0.00114844 0.0244793 0.00104837
0.384874 11 0.962185 0.00106198 0.0252127 0.00118749
0.385219 12 0.963049 0.00109862 0.0253245 0.00135501
0.38565 13 0.964125 0.00133946 0.0225913 0.00101483
0.386009 14 0.965022 0.000965153 0.022429 0.00104125
0.385937 15 0.964842 0.000873405 0.0241228 0.00112969
0.386437 16 0.966093 0.000752058 0.022591 0.000776548
0.386134 17 0.965335 0.000782029 0.0237245 0.000988649
0.386652 18 0.96663 0.000836878 0.0206484 0.000928847
0.387431 19 0.968576 0.00128409 0.0263207 0.00141733
0.387592 20 0.968979 0.000712215 0.022301 0.00073006
0.387463 21 0.968657 0.000790706 0.0205972 0.000844246
0.387109 22 0.967773 0.00131853 0.0217774 0.000928626
0.387937 23 0.969841 0.00077147 0.0211873 0.00093018
0.387333 24 0.968334 0.000687189 0.0229984 0.000721994
0.387716 25 0.969289 0.00065322 0.0215819 0.00072809
0.387421 26 0.968552 0.00109065 0.0209142 0.000838084
0.387345 27 0.968362 0.000823016 0.022459 0.00108747
0.468995 0 0.937989 0.00313968 0.0410283 0.00325542
0.479414 1 0.958827 0.00239105 0.0287798 0.00183998
0.480553 2 0.961105 0.00153491 0.0265118 0.00120328
0.481188 3 0.962377 0.00140545 0.0291825 0.0011656
0.479306 4 0.958611 0.00166974 0.0308496 0.00126252
0.466193 5 0.932386 0.00186054 0.0419222 0.00191646
0.456145 6 0.91229 0.00387106 0.083972 0.00619342
0.474489 7 0.948977 0.00190967 0.0342058 0.00235282
0.47565 8 0.951301 0.00127685 0.0265951 0.00126859
0.478317 9 0.956634 0.0012518 0.0274279 0.00123959
0.478196 10 0.956391 0.00147324 0.0288484 0.00141357
0.478747 11 0.957495 0.0010564 0.0263563 0.00141621
0.48017 12 0.960339 0.000975234 0.0243516 0.00104012
0.48141 13 0.96282 0.00109068 0.0230838 0.0012473
0.481407 14 0.962815 0.00101406 0.0224175 0.00109855
0.481515 15 0.963029 0.000874267 0.0220966 0.000954018
0.48243 16 0.964861 0.00101919 0.0211954 0.000987679
0.483055 17 0.966109 0.000940045 0.0236996 0.00114757
0.482379 18 0.964758 0.000865238 0.0228609 0.000868994
0.482588 19 0.965175 0.000887245 0.0233395 0.00116213
0.483244 20 0.966488 0.000764133 0.021867 0.000877381
0.483185 21 0.966371 0.000662658 0.0221476 0.000627096
0.483132 22 0.966265 0.000773335 0.0226378 0.000774503
0.482903 23 0.965807 0.000672672 0.0220805 0.000619099
0.483385 24 0.966769 0.000757085 0.0221798 0.000681625
0.483453 25 0.966906 0.00105261 0.0238775 0.0011606
0.483677 26 0.967354 0.00116103 0.0252948 0.00158067
0.484066 27 0.968133 0.00101271 0.0233153 0.000891496
0.696529 0 0.928706 0.00298568 0.0401537 0.00503504
0.715671 1 0.954229 0.00155431 0.0349145 0.00270318
0.719402 2 0.959203 0.00186009 0.0270358 0.00203242
0.715148 3 0.953531 0.00156755 0.0279352 0.00139561
0.712241 4 0.949654 0.00138847 0.0287443 0.0013648
0.693916 5 0.925221 0.00255453 0.0457443 0.00321989
0.671778 6 0.895703 0.00316725 0.0649945 0.00373567
0.707056 7 0.942741 0.00162137 0.036378 0.00159037
0.710907 8 0.947876 0.00195508 0.0287063 0.00182833
0.712712 9 0.950282 0.00123748 0.0251996 0.00105754
0.715261 10 0.953681 0.00110649 0.030381 0.00106884
0.716202 11 0.954936 0.00104817 0.0259366 0.00107293
0.716825 12 0.955767 0.000969417 0.0255239 0.000973779
0.718537 13 0.958049 0.00116328 0.0234683 0.00101955
0.716838 14 0.955785 0.000912044 0.027318 0.000710623
0.717995 15 0.957327 0.00112717 0.021142 0.00091244
0.718535 16 0.958046 0.00120669 0.0220974 0.00101855
0.71949 17 0.95932 0.000771134 0.0239597 0.000642161
0.721011 18 0.961348 0.000732809 0.0247346 0.000697314
0.721868 19 0.962491 0.00106574 0.0231677 0.00109859
0.720478 20 0.960638 0.000692034 0.0239846 0.000579721
0.72119 21 0.961587 0.00103638 0.02254 0.000887575
0.722203 22 0.962937 0.00121033 0.024471 0.00118719
0.721249 23 0.961665 0.000681952 0.0241855 0.000643968
0.722412 24 0.963216 0.00113085 0.0235036 0.000988832
0.720284 25 0.960379 0.000643964 0.0244454 0.000616765
0.720582 26 0.960776 0.00076399 0.0237644 0.000843531
0.720573 27 0.960765 0.000668745 0.0251279 0.000689047
0.92617 0 0.92617 0.00361582 0.0268331 0.00163455
0.949382 1 0.949382 0.00286271 0.029865 0.00320901
0.950349 2 0.950349 0.00202536 0.0299808 0.00292359
0.953261 3 0.953261 0.00174567 0.0307368 0.00304119
0.947566 4 0.947566 0.00256696 0.0299691 0.00355152
0.923514 5 0.923514 0.00223155 0.0345691 0.00207236
0.890734 6 0.890734 0.00304488 0.0587123 0.00335272
0.936383 7 0.936383 0.00151506 0.0312008 0.00174647
0.945075 8 0.945075 0.00118291 0.0301666 0.00125812
0.94598 9 0.94598 0.00178754 0.0260478 0.00112016
0.948773 10 0.948773 0.00150249 0.026202 0.00125294
0.953487 11 0.953487 0.00119718 0.02529 0.0010079
0.953476 12 0.953476 0.00128858 0.024048 0.00100862
0.95256 13 0.95256 0.000936462 0.0255762 0.000867091
0.955324 14 0.955324 0.000912816 0.0251016 0.000993153
0.955982 15 0.955982 0.000913722 0.0243906 0.000922634
0.956943 16 0.956943 0.00112676 0.0224095 0.000821127
0.956704 17 0.956704 0.000972133 0.0234373 0.000849876
0.959592 18 0.959592 0.00125198 0.0245538 0.00102162
0.958305 19 0.958305 0.00081028 0.0266246 0.000957305
0.9596 20 0.9596 0.000863185 0.0238939 0.000840963
0.959025 21 0.959025 0.000755462 0.0250931 0.000887549
0.959526 22 0.959526 0.000711538 0.0234054 0.000669608
0.958938 23 0.958938 0.000671231 0.0231498 0.00079364
0.959241 24 0.959241 0.000883589 0.0246127 0.00102181
0.957253 25 0.957253 0.000707008 0.024795 0.000794385
0.958112 26 0.958112 0.000817237 0.0250633 0.000907639
0.957264 27 0.957264 0.000850639 0.0254855 0.000946394
1.15972 0 0.927774 0.00269633 0.0358249 0.00362382
1.18314 1 0.946509 0.00137595 0.0264296 0.00201298
1.18644 2 0.949154 0.00219064 0.0265447 0.00306147
1.18348 3 0.946785 0.00228447 0.0273583 0.00244224
1.18392 4 0.94714 0.00223384 0.0306674 0.00272477
1.15269 5 0.922154 0.00202654 0.0359825 0.00211803
1.11061 6 0.888486 0.00317154 0.0614313 0.00425957
1.16914 7 0.935314 0.00177592 0.034673 0.00195362
1.17944 8 0.943552 0.001391 0.0320618 0.00198073
1.17888 9 0.9431 0.00123172 0.0300846 0.00127254
1.18437 10 0.947494 0.000945961 0.0258871 0.000950166
1.1868 11 0.949436 0.00109286 0.0259418 0.00107363
1.18836 12 0.950689 0.00109988 0.0272369 0.00128604
1.18782 13 0.950255 0.00108359 0.0252164 0.00104547
1.19028 14 0.952225 0.000885171 0.0257018 0.000958231
1.19145 15 0.953157 0.00112065 0.0250325 0.00121793
1.19156 16 0.953251 0.000894062 0.0261733 0.0011246
1.19212 17 0.953695 0.000925375 0.0265833 0.00133767
1.19303 18 0.954426 0.00089465 0.0257209 0.00122045
1.19288 19 0.954304 0.000781205 0.0242495 0.00089321
1.19479 20 0.955834 0.000882181 0.021848 0.00084211
1.19416 21 0.955327 0.000807311 0.0244428 0.000896908
1.19481 22 0.95585 0.000939641 0.0226914 0.000884399
1.1938 23 0.955036 0.00110722 0.0244589 0.00105101
1.19482 24 0.955856 0.000737035 0.0233274 0.000900016
1.19486 25 0.955887 0.00106732 0.0250425 0.00121574
1.19565 26 0.956518 0.000986128 0.0267102 0.0015652
1.19174 27 0.953394 0.000806368 0.0248564 0.000912254
1.38507 0 0.92338 0.00222343 0.0347205 0.00195784
1.4184 1 0.945599 0.00148871 0.0233781 0.00158928
1.41958 2 0.946385 0.00130974 0.0233976 0.00135567
1.41755 3 0.945034 0.00189694 0.0261124 0.00187661
1.41267 4 0.941781 0.00161902 0.0261747 0.00159195
1.37952 5 0.919683 0.0018201 0.0324642 0.00161682
1.33033 6 0.886888 0.00287827 0.0534995 0.00250125
1.39795 7 0.931967 0.00138415 0.0307317 0.00140956
1.40889 8 0.939261 0.00123419 0.0306066 0.00166468
1.41282 9 0.941877 0.0012582 0.0294787 0.00130926
1.41371 10 0.942473 0.00104284 0.0271822 0.00101801
1.41688 11 0.94459 0.00100638 0.025754 0.00107133
1.42147 12 0.947647 0.00109849 0.0269995 0.00133773
1.42058 13 0.94705 0.000966879 0.0255939 0.0013427
1.42293 14 0.948618 0.000842018 0.0239818 0.000802146
1.42413 15 0.949423 0.000943304 0.0249125 0.00107158
1.42552 16 0.950348 0.000934773 0.0245845 0.00125075
1.42637 17 0.950914 0.000878823 0.0233232 0.000989388
1.42824 18 0.952162 0.000915291 0.0226899 0.000876259
1.43123 19 0.954151 0.00107194 0.0228486 0.0011738
1.42674 20 0.951163 0.000936642 0.0248 0.00109861
1.42782 21 0.95188 0.00133009 0.0240943 0.0012668
1.43109 22 0.954061 0.000915965 0.025216 0.00140309
1.42976 23 0.953176 0.000701405 0.0235606 0.000986944
1.43104 24 0.954026 0.000611543 0.0213489 0.000749859
1.43031 25 0.953537 0.000877841 0.0251172 0.00132267
1.4294 26 0.952936 0.000861509 0.0228666 0.000969264
1.42669 27 0.951124 0.000923888 0.0236431 0.0010687
1.61895 0 0.925117 0.00252582 0.027244 0.0024027
1.64524 1 0.940137 0.00147274 0.0259876 0.00266827
1.65469 2 0.945538 0.00105464 0.0192637 0.00107852
1.64893 3 0.942246 0.00144016 0.0220723 0.00119362
1.6447 4 0.939826 0.00171144 0.0242377 0.00203013
1.61412 5 0.922353 0.00205932 0.0360392 0.00359874
1.53872 6 0.879269 0.00230815 0.0491454 0.00249006
1.62705 7 0.929741 0.00168749 0.0304543 0.00206794
1.6411 8 0.937773 0.0014688 0.0276957 0.00165081
1.64532 9 0.940181 0.00152314 0.0297649 0.00194545
1.65016 10 0.942947 0.0010081 0.0255386 0.00131126
1.65121 11 0.943548 0.00129751 0.0238466 0.00112179
1.65865 12 0.947797 0.00161177 0.0308955 0.00278353
1.65673 13 0.946701 0.00111536 0.0247919 0.00133793
1.65454 14 0.94545 0.00113182 0.025745 0.00139736
1.65865 15 0.9478 0.000904633 0.0262673 0.00134795
1.66263 16 0.950073 0.00110995 0.0244753 0.00137678
1.66142 17 0.949385 0.000834535 0.0236627 0.00114908
1.66077 18 0.949011 0.00105642 0.0222507 0.00114623
1.66208 19 0.94976 0.000998557 0.022278 0.00109253
1.66224 20 0.949853 0.000951083 0.0218424 0.00100657
1.66292 21 0.950239 0.000949123 0.0235346 0.00124601
1.66407 22 0.950897 0.000799587 0.0228274 0.00101227
1.66679 23 0.952454 0.000752423 0.0230476 0.00101099
1.66583 24 0.9519 0.000945591 0.0213732 0.000816284
1.66361 25 0.950636 0.000944553 0.0220734 0.000946526
1.66146 26 0.949407 0.00096414 0.0218528 0.000936152
1.66218 27 0.949817 0.000687337 0.0224396 0.000964826
1.83948 0 0.919738 0.00240578 0.0333727 0.00263141
1.8882 1 0.944102 0.00184911 0.0245994 0.00239364
1.88561 2 0.942805 0.0014824 0.0224102 0.00148751
1.89033 3 0.945163 0.00111411 0.0212732 0.00120305
1.87959 4 0.939796 0.0012371 0.0252173 0.00170074
1.83011 5 0.915055 0.00200334 0.0338027 0.00206414
1.76911 6 0.884556 0.00247816 0.0511338 0.00253788
1.86057 7 0.930283 0.00202379 0.0300009 0.00204031
1.86826 8 0.934132 0.00142713 0.0287103 0.00195948
1.87795 9 0.938973 0.0014261 0.0285676 0.00163842
1.88364 10 0.941819 0.000977249 0.0257448 0.00108474
1.88308 11 0.941542 0.00126684 0.0265751 0.00173504
1.88544 12 0.942722 0.00112319 0.0258788 0.0013517
1.88948 13 0.944739 0.000979017 0.0254304 0.00151895
1.89232 14 0.94616 0.00142247 0.0257079 0.0016386
1.89216 15 0.946082 0.00090729 0.0242264 0.00119838
1.89307 16 0.946535 0.000872333 0.020831 0.000797162
1.89576 17 0.947878 0.000965295 0.0246715 0.00145724
1.89812 18 0.949058 0.000940415 0.0230469 0.00102115
1.89912 19 0.949561 0.000818014 0.0214761 0.00103686
1.89865 20 0.949325 0.000827391 0.0204771 0.000842473
1.89912 21 0.949562 0.0010249 0.0230715 0.00127451
1.89722 22 0.948612 0.000621583 0.0213132 0.000678886
1.90141 23 0.950707 0.000857074 0.0222745 0.0010536
1.89682 24 0.948412 0.000673138 0.0214405 0.000667346
1.8997 25 0.949849 0.000867521 0.0228459 0.0011716
1.89891 26 0.949455 0.000830281 0.0226506 0.00118663
1.89686 27 0.948429 0.000597273 0.0200759 0.000730949
