0 1.00698e+00   3.23042e-03 5.95728e-02   1.79362e-03
1 1.04123e+00   1.76135e-03 3.74872e-02   7.78688e-04
2 1.04307e+00   1.46219e-03 3.71432e-02   8.43870e-04
3 1.04862e+00   1.93653e-03 4.18645e-02   1.53983e-03
4 1.03187e+00   1.62598e-03 3.93072e-02   9.09626e-04
5 9.90467e-01   2.02859e-03 4.40636e-02   1.02910e-03
6 1.00019 0.00331583 0.0504462 0.00162585
7 0.999329 0.00200244 0.0381202 0.00101132
8 1.00111 0.00163754 0.0318161 0.000828686
9 1.00035 0.00154635 0.0321367 0.000735397
10 1.00008 0.00149135 0.0302341 0.000737336
11 0.999886 0.00151152 0.0293209 0.00075363
12 1.00007 0.00130437 0.0249669 0.000655676
13 1.00029 0.00120953 0.0266815 0.00065048
14 0.999861 0.00121076 0.0260357 0.000615202
15 1.00035 0.00121839 0.0276976 0.000660431
16 1.00022 0.00135904 0.0258968 0.000698999
17 0.999368 0.00150325 0.0300073 0.000786696
18 1.00029 0.00144465 0.0270385 0.000713216
19 1.00108 0.00190667 0.0310084 0.000931197
20 1.00065 0.00172348 0.0283487 0.000849961
21 0.999742 0.00150667 0.0293622 0.00080696
22 1.00044 0.00154136 0.0259081 0.000807042
23 1.00002 0.00170375 0.0294751 0.00086555
24 0.999332 0.00168306 0.0268836 0.000876008
25 1.00036 0.00141029 0.0257649 0.000762014
26 1.00057 0.00168348 0.0276715 0.000871486
27 0.999947 0.00174336 0.0261528 0.000937075
28 1.00008 0.00152241 0.0276496 0.000863266
29 1.0002 0.00176872 0.0273734 0.000965733
30 1.00034 0.00165482 0.0261461 0.000870408
31 1.00003 0.00149661 0.0273507 0.000819148
32 0.999671 0.00176795 0.0281469 0.000937553
33 1.00006 0.00181208 0.0349614 0.00102886
34 1.00055 0.00190628 0.0256283 0.000975188
35 0.998971 0.00191682 0.031099 0.00101098
36 0.99976 0.00218051 0.0317032 0.00110591
37 1.00088 0.00210123 0.03088 0.00106168
38 1.00108 0.00197422 0.0271081 0.00102787
39 1.00025 0.00167211 0.0324689 0.000954221
40 0.999886 0.00176981 0.0249811 0.000889059
41 0.999904 0.00155164 0.0282894 0.000858634
42 1.00013 0.00162967 0.0309863 0.000850239
43 0.999961 0.00148705 0.0267013 0.000769824
44 0.999975 0.00159904 0.0278734 0.000799545
45 1.00051 0.00210637 0.0307287 0.000984118
46 1.00009 0.00204727 0.030777 0.000949771
47 1.00023 0.00154977 0.0345529 0.000810982
48 0.999935 0.00144361 0.0348362 0.00077143
49 1.00156 0.00306244 0.0473089 0.00153834
50 0.99981 0.00227249 0.0495009 0.00119526
51 1.03272e+00   2.32035e-03 4.93018e-02   1.75897e-03
52 1.04809e+00   1.86767e-03 3.93915e-02   1.31500e-03
53 1.04542e+00   1.70182e-03 4.24501e-02   1.31572e-03
54 1.04045e+00   1.52364e-03 4.37792e-02   8.85381e-04
55 9.99162e-01   3.36320e-03 6.06245e-02   1.85870e-03
