0 0.957855 0.00124747 0.0319303 0.00130251
1 0.969243 0.00057277 0.0247864 0.000330162
2 0.976098 0.000641132 0.0238752 0.00051212
3 0.978383 0.000721494 0.0256051 0.000791112
4 0.971906 0.00086816 0.0265689 0.000621452
5 0.95538 0.00132809 0.0326376 0.00113702
6 0.927158 0.00162061 0.037965 0.00157727
7 0.944831 0.000705162 0.022356 0.000773786
8 0.949479 0.000641442 0.019989 0.000460739
9 0.947797 0.000574163 0.0186579 0.0004
10 0.952952 0.000628197 0.0189188 0.000404076
11 0.952614 0.000563412 0.0174946 0.00030834
12 0.955144 0.000634031 0.0186084 0.000351038
13 0.956475 0.000554907 0.0178308 0.000332669
14 0.958197 0.000614122 0.0175048 0.00031088
15 0.95843 0.000607188 0.0175405 0.000302368
16 0.960432 0.000596431 0.017223 0.000306886
17 0.961822 0.000612108 0.0175941 0.000342963
18 0.961895 0.000628135 0.0174532 0.00031848
19 0.963572 0.000605722 0.0170214 0.000309483
20 0.963323 0.000665275 0.0175146 0.00032936
21 0.962513 0.00064711 0.0172741 0.00032385
22 0.960591 0.000792281 0.0183871 0.000376952
23 0.962928 0.000770516 0.0179434 0.000347927
24 0.964244 0.000743774 0.0179551 0.000366401
25 0.962744 0.000731 0.0180375 0.000370827
26 0.963119 0.000801232 0.0184247 0.000401595
27 0.961921 0.000805997 0.0184065 0.000383334
28 0.962901 0.000772362 0.0183188 0.00038895
29 0.962689 0.000794572 0.0185709 0.000396065
30 0.963249 0.000767491 0.0185909 0.00035947
31 0.963397 0.000693099 0.0177822 0.00033598
32 0.961232 0.000730479 0.0179269 0.000343666
33 0.961647 0.000739931 0.0185805 0.000366097
34 0.962541 0.000647578 0.017286 0.000326355
35 0.962736 0.00065578 0.0176352 0.000313217
36 0.962365 0.00064228 0.0176764 0.000313485
37 0.96187 0.000676287 0.0177694 0.000322428
38 0.961657 0.000597777 0.0175287 0.000318178
39 0.961797 0.000628997 0.01803 0.000326825
40 0.960966 0.000594513 0.0173461 0.000319937
41 0.957196 0.000605964 0.0175902 0.000300936
42 0.957197 0.000634466 0.0186102 0.00033906
43 0.953977 0.000567927 0.0177503 0.00031274
44 0.954974 0.000595964 0.0187273 0.000365844
45 0.9532 0.000628249 0.0194994 0.000424165
46 0.949449 0.000604145 0.0195519 0.000454507
47 0.948297 0.000634087 0.0205018 0.000481247
48 0.943551 0.000763349 0.0246635 0.000953421
49 0.924391 0.00154537 0.0366904 0.0015206
50 0.962379 0.00115123 0.0293325 0.000664904
51 0.973893 0.000718146 0.024463 0.000486773
52 0.982105 0.000724515 0.0264167 0.00109048
53 0.978812 0.00059257 0.0228297 0.000512542
54 0.973673 0.00063526 0.0257491 0.000400061
55 0.954868 0.00125092 0.0326888 0.00156872
