0 0.942433 0.00160466 0.036789 0.00313191
1 0.951809 0.000660349 0.0301775 0.000775081
2 0.958511 0.000828649 0.0318194 0.000844259
3 0.960503 0.00105599 0.0359938 0.00128147
4 0.954106 0.001025 0.0369242 0.00171559
5 0.935949 0.00165811 0.0378648 0.00373087
6 0.905893 0.001581 0.0430237 0.00296882
7 0.928393 0.00119919 0.0279989 0.00222055
8 0.933393 0.000760451 0.0255593 0.00129633
9 0.93211 0.000660837 0.0229754 0.00102493
10 0.935175 0.000699994 0.0252355 0.00119036
11 0.937026 0.000557288 0.0221078 0.000785403
12 0.938084 0.000632666 0.0242313 0.000966797
13 0.939087 0.000565294 0.0228555 0.00070486
14 0.941405 0.000639354 0.0245974 0.000938097
15 0.942059 0.000549498 0.021512 0.000571598
16 0.944554 0.000570861 0.0219229 0.000626265
17 0.944621 0.000562594 0.0222026 0.000597217
18 0.945228 0.000609926 0.0226426 0.000670596
19 0.947674 0.000612517 0.0223246 0.000654586
20 0.946229 0.000634774 0.0235878 0.000729255
21 0.946064 0.000609431 0.0222604 0.000634676
22 0.943924 0.000652653 0.0233219 0.000776565
23 0.946045 0.000664664 0.0233066 0.00073665
24 0.946682 0.000660231 0.0233221 0.000739312
25 0.945381 0.000680439 0.0239745 0.000829042
26 0.945217 0.000703564 0.022582 0.000695775
27 0.945386 0.000698684 0.0219518 0.000652807
28 0.946577 0.000672177 0.0217397 0.000635522
29 0.946113 0.000705314 0.0230361 0.000733263
30 0.945948 0.000655833 0.0217085 0.000538334
31 0.94757 0.000624813 0.0221758 0.000614744
32 0.946216 0.000650747 0.0226849 0.000723534
33 0.94531 0.00065446 0.0229156 0.00070762
34 0.945907 0.000591797 0.0219362 0.000597521
35 0.947546 0.000643558 0.0232157 0.000686053
36 0.946589 0.000604484 0.0221341 0.000597227
37 0.945118 0.00064584 0.0246018 0.000847249
38 0.945641 0.00058574 0.0225085 0.00064974
39 0.945022 0.000630409 0.024009 0.000781498
40 0.944633 0.000639432 0.0248375 0.000908123
41 0.941456 0.000552729 0.0214989 0.000610683
42 0.94043 0.000583822 0.0231936 0.000726178
43 0.938719 0.000538083 0.021499 0.000643054
44 0.937911 0.000580604 0.0230352 0.000783718
45 0.93706 0.000697881 0.0252586 0.00119968
46 0.932517 0.000644484 0.0228418 0.000867754
47 0.932555 0.000752195 0.0244167 0.00123838
48 0.928644 0.00105145 0.0263029 0.00186067
49 0.903651 0.00200632 0.0458895 0.00349515
50 0.944852 0.00134994 0.0372249 0.00282746
51 0.955228 0.000964584 0.0326911 0.0010386
52 0.964129 0.0013684 0.0393298 0.00165207
53 0.961122 0.000892671 0.0326279 0.000875984
54 0.956173 0.000820045 0.0342657 0.00112686
55 0.939676 0.0019865 0.0396441 0.00441286
